1 0.338867 0.644531 0.052734 0.218750
3 0.378906 0.660156 0.031250 0.226562
3 0.409180 0.660156 0.033203 0.218750
3 0.438477 0.669922 0.041016 0.253906
3 0.475586 0.660156 0.025391 0.250000
3 0.540039 0.656250 0.033203 0.242188
3 0.573242 0.652344 0.033203 0.242188
3 0.606445 0.666016 0.029297 0.269531
3 0.638672 0.642578 0.035156 0.214844
1 0.505859 0.652344 0.035156 0.234375
3 0.707031 0.648438 0.042969 0.218750
3 0.617188 0.388672 0.031250 0.214844
1 0.393555 0.388672 0.037109 0.230469
1 0.752930 0.402344 0.083984 0.226562
1 0.692383 0.437500 0.048828 0.093750
1 0.752930 0.650391 0.048828 0.214844
1 0.669922 0.587891 0.031250 0.082031
1 0.425781 0.402344 0.031250 0.203125
1 0.651367 0.380859 0.041016 0.238281
