1 0.661133 0.355469 0.052734 0.218750
3 0.621094 0.339844 0.031250 0.226562
3 0.590820 0.339844 0.033203 0.218750
3 0.561523 0.330078 0.041016 0.253906
3 0.524414 0.339844 0.025391 0.250000
3 0.459961 0.343750 0.033203 0.242188
3 0.426758 0.347656 0.033203 0.242188
3 0.393555 0.333984 0.029297 0.269531
3 0.361328 0.357422 0.035156 0.214844
1 0.494141 0.347656 0.035156 0.234375
3 0.292969 0.351562 0.042969 0.218750
3 0.382812 0.611328 0.031250 0.214844
1 0.606445 0.611328 0.037109 0.230469
1 0.247070 0.597656 0.083984 0.226562
1 0.307617 0.562500 0.048828 0.093750
1 0.247070 0.349609 0.048828 0.214844
1 0.330078 0.412109 0.031250 0.082031
1 0.574219 0.597656 0.031250 0.203125
1 0.348633 0.619141 0.041016 0.238281
