1 0.344727 0.679688 0.060547 0.187500
1 0.393555 0.685547 0.041016 0.199219
1 0.399414 0.480469 0.029297 0.156250
1 0.339844 0.458984 0.039062 0.191406
1 0.299805 0.642578 0.068359 0.167969
1 0.270508 0.591797 0.052734 0.128906
1 0.623047 0.449219 0.035156 0.195312
1 0.658203 0.443359 0.050781 0.207031
1 0.700195 0.640625 0.076172 0.171875
1 0.607422 0.660156 0.031250 0.179688
1 0.652344 0.671875 0.062500 0.195312
1 0.295898 0.435547 0.041016 0.183594
1 0.701172 0.445312 0.039062 0.164062
1 0.731445 0.582031 0.052734 0.125000
