1 0.655273 0.320312 0.060547 0.187500
1 0.606445 0.314453 0.041016 0.199219
1 0.600586 0.519531 0.029297 0.156250
1 0.660156 0.541016 0.039062 0.191406
1 0.700195 0.357422 0.068359 0.167969
1 0.729492 0.408203 0.052734 0.128906
1 0.376953 0.550781 0.035156 0.195312
1 0.341797 0.556641 0.050781 0.207031
1 0.299805 0.359375 0.076172 0.171875
1 0.392578 0.339844 0.031250 0.179688
1 0.347656 0.328125 0.062500 0.195312
1 0.704102 0.564453 0.041016 0.183594
1 0.298828 0.554688 0.039062 0.164062
1 0.268555 0.417969 0.052734 0.125000
