3 0.330078 0.375000 0.054688 0.171875
1 0.715820 0.365234 0.056641 0.175781
1 0.666016 0.357422 0.050781 0.183594
1 0.625000 0.324219 0.035156 0.242188
1 0.592773 0.320312 0.029297 0.242188
1 0.586914 0.556641 0.033203 0.199219
1 0.619141 0.568359 0.031250 0.214844
1 0.649414 0.566406 0.033203 0.203125
1 0.683594 0.541016 0.042969 0.160156
1 0.727539 0.523438 0.052734 0.117188
1 0.380859 0.552734 0.027344 0.144531
3 0.349609 0.568359 0.031250 0.183594
3 0.317383 0.585938 0.041016 0.210938
1 0.272461 0.582031 0.048828 0.203125
1 0.375000 0.337891 0.046875 0.230469
1 0.563477 0.326172 0.025391 0.199219
