3 0.708984 0.365234 0.058594 0.277344
3 0.659180 0.365234 0.044922 0.261719
3 0.619141 0.355469 0.042969 0.234375
2 0.229492 0.554688 0.103516 0.195312
1 0.229492 0.556641 0.103516 0.199219
1 0.263672 0.330078 0.058594 0.238281
3 0.611328 0.652344 0.046875 0.250000
1 0.548828 0.318359 0.035156 0.253906
3 0.509766 0.302734 0.042969 0.277344
3 0.462891 0.306641 0.039062 0.261719
3 0.424805 0.302734 0.029297 0.269531
3 0.387695 0.298828 0.041016 0.292969
1 0.347656 0.628906 0.042969 0.265625
1 0.312500 0.330078 0.042969 0.261719
1 0.349609 0.306641 0.035156 0.269531
