3 0.291016 0.634766 0.058594 0.277344
3 0.340820 0.634766 0.044922 0.261719
3 0.380859 0.644531 0.042969 0.234375
2 0.770508 0.445312 0.103516 0.195312
1 0.770508 0.443359 0.103516 0.199219
1 0.736328 0.669922 0.058594 0.238281
3 0.388672 0.347656 0.046875 0.250000
1 0.451172 0.681641 0.035156 0.253906
3 0.490234 0.697266 0.042969 0.277344
3 0.537109 0.693359 0.039062 0.261719
3 0.575195 0.697266 0.029297 0.269531
3 0.612305 0.701172 0.041016 0.292969
1 0.652344 0.371094 0.042969 0.265625
1 0.687500 0.669922 0.042969 0.261719
1 0.650391 0.693359 0.035156 0.269531
