1 0.668945 0.535156 0.048828 0.171875
1 0.678711 0.335938 0.060547 0.171875
1 0.633789 0.310547 0.076172 0.175781
1 0.316406 0.560547 0.046875 0.183594
1 0.326172 0.363281 0.070312 0.164062
1 0.417969 0.289062 0.074219 0.171875
1 0.361328 0.308594 0.062500 0.171875
1 0.590820 0.513672 0.029297 0.167969
1 0.563477 0.509766 0.029297 0.183594
3 0.541992 0.515625 0.025391 0.210938
3 0.481445 0.496094 0.021484 0.164062
1 0.419922 0.533203 0.031250 0.175781
1 0.392578 0.542969 0.031250 0.187500
1 0.353516 0.550781 0.046875 0.203125
