1 0.695312 0.482422 0.054688 0.175781
1 0.301758 0.472656 0.056641 0.171875
1 0.375977 0.451172 0.033203 0.136719
1 0.405273 0.453125 0.033203 0.148438
1 0.423828 0.300781 0.042969 0.179688
1 0.620117 0.458984 0.029297 0.152344
1 0.593750 0.457031 0.027344 0.148438
3 0.647461 0.291016 0.056641 0.175781
3 0.605469 0.300781 0.039062 0.171875
3 0.569336 0.308594 0.037109 0.187500
3 0.656250 0.478516 0.035156 0.191406
3 0.517578 0.466797 0.027344 0.175781
3 0.488281 0.462891 0.023438 0.175781
3 0.349609 0.296875 0.035156 0.156250
3 0.388672 0.292969 0.039062 0.164062
3 0.568359 0.480469 0.035156 0.195312
