1 0.695312 0.517578 0.054688 0.175781
1 0.301758 0.527344 0.056641 0.171875
1 0.375977 0.548828 0.033203 0.136719
1 0.405273 0.546875 0.033203 0.148438
1 0.423828 0.699219 0.042969 0.179688
1 0.620117 0.541016 0.029297 0.152344
1 0.593750 0.542969 0.027344 0.148438
3 0.647461 0.708984 0.056641 0.175781
3 0.605469 0.699219 0.039062 0.171875
3 0.569336 0.691406 0.037109 0.187500
3 0.656250 0.521484 0.035156 0.191406
3 0.517578 0.533203 0.027344 0.175781
3 0.488281 0.537109 0.023438 0.175781
3 0.349609 0.703125 0.035156 0.156250
3 0.388672 0.707031 0.039062 0.164062
3 0.568359 0.519531 0.035156 0.195312
