1 0.283203 0.568359 0.039062 0.191406
1 0.416992 0.578125 0.029297 0.218750
1 0.389648 0.585938 0.025391 0.218750
1 0.361328 0.566406 0.027344 0.210938
1 0.326172 0.570312 0.039062 0.203125
3 0.390625 0.341797 0.031250 0.183594
3 0.578125 0.328125 0.035156 0.203125
1 0.663086 0.335938 0.072266 0.187500
1 0.721680 0.363281 0.076172 0.179688
1 0.672852 0.562500 0.048828 0.171875
1 0.601562 0.554688 0.031250 0.195312
1 0.357422 0.335938 0.035156 0.179688
3 0.540039 0.580078 0.033203 0.230469
3 0.510742 0.580078 0.033203 0.238281
3 0.477539 0.576172 0.033203 0.230469
1 0.281250 0.367188 0.082031 0.171875
