1 0.266602 0.666016 0.072266 0.152344
3 0.695312 0.634766 0.082031 0.144531
3 0.640625 0.685547 0.074219 0.160156
1 0.292969 0.500000 0.054688 0.171875
1 0.338867 0.503906 0.033203 0.171875
1 0.368164 0.541016 0.025391 0.113281
1 0.397461 0.535156 0.033203 0.132812
3 0.425781 0.529297 0.023438 0.167969
3 0.456055 0.539062 0.033203 0.187500
3 0.607422 0.533203 0.042969 0.152344
1 0.581055 0.560547 0.029297 0.136719
3 0.532227 0.722656 0.033203 0.187500
1 0.561523 0.679688 0.029297 0.093750
1 0.585938 0.675781 0.027344 0.085938
3 0.552734 0.550781 0.031250 0.148438
1 0.492188 0.707031 0.023438 0.179688
1 0.426758 0.699219 0.009766 0.164062
1 0.453125 0.705078 0.015625 0.152344
1 0.439453 0.697266 0.007812 0.152344
1 0.470703 0.695312 0.019531 0.140625
