3 0.678711 0.726562 0.041016 0.179688
3 0.641602 0.718750 0.029297 0.164062
3 0.449219 0.691406 0.027344 0.164062
3 0.396484 0.689453 0.074219 0.167969
1 0.474609 0.662109 0.027344 0.089844
1 0.332031 0.669922 0.070312 0.152344
1 0.330078 0.509766 0.058594 0.136719
1 0.384766 0.523438 0.046875 0.070312
1 0.447266 0.539062 0.027344 0.085938
1 0.476562 0.544922 0.039062 0.097656
3 0.695312 0.513672 0.035156 0.191406
3 0.616211 0.714844 0.025391 0.156250
1 0.730469 0.556641 0.039062 0.183594
1 0.418945 0.529297 0.025391 0.089844
