1 0.676758 0.630859 0.072266 0.160156
1 0.660156 0.427734 0.042969 0.207031
1 0.619141 0.652344 0.062500 0.171875
1 0.576172 0.656250 0.027344 0.164062
1 0.311523 0.613281 0.068359 0.156250
1 0.351562 0.451172 0.054688 0.175781
1 0.396484 0.447266 0.039062 0.199219
1 0.425781 0.447266 0.019531 0.199219
1 0.447266 0.451172 0.031250 0.183594
1 0.362305 0.646484 0.080078 0.183594
1 0.400391 0.667969 0.039062 0.171875
1 0.424805 0.660156 0.033203 0.164062
1 0.612305 0.441406 0.056641 0.179688
1 0.568359 0.439453 0.031250 0.183594
