1 0.308594 0.376953 0.089844 0.175781
1 0.341797 0.552734 0.046875 0.167969
1 0.378906 0.556641 0.027344 0.214844
1 0.400391 0.544922 0.027344 0.191406
1 0.432617 0.542969 0.037109 0.187500
1 0.461914 0.488281 0.025391 0.085938
1 0.520508 0.503906 0.037109 0.164062
3 0.554688 0.533203 0.035156 0.199219
3 0.655273 0.345703 0.076172 0.191406
1 0.709961 0.544922 0.048828 0.160156
1 0.664062 0.556641 0.050781 0.175781
1 0.629883 0.544922 0.029297 0.183594
1 0.615234 0.328125 0.046875 0.195312
1 0.490234 0.484375 0.027344 0.085938
1 0.581055 0.322266 0.033203 0.191406
1 0.413086 0.330078 0.037109 0.191406
0 0.295898 0.556641 0.048828 0.144531
1 0.607422 0.539062 0.031250 0.195312
