1 0.691406 0.376953 0.089844 0.175781
1 0.658203 0.552734 0.046875 0.167969
1 0.621094 0.556641 0.027344 0.214844
1 0.599609 0.544922 0.027344 0.191406
1 0.567383 0.542969 0.037109 0.187500
1 0.538086 0.488281 0.025391 0.085938
1 0.479492 0.503906 0.037109 0.164062
3 0.445312 0.533203 0.035156 0.199219
3 0.344727 0.345703 0.076172 0.191406
1 0.290039 0.544922 0.048828 0.160156
1 0.335938 0.556641 0.050781 0.175781
1 0.370117 0.544922 0.029297 0.183594
1 0.384766 0.328125 0.046875 0.195312
1 0.509766 0.484375 0.027344 0.085938
1 0.418945 0.322266 0.033203 0.191406
1 0.586914 0.330078 0.037109 0.191406
0 0.704102 0.556641 0.048828 0.144531
1 0.392578 0.539062 0.031250 0.195312
