1 0.691406 0.623047 0.089844 0.175781
1 0.658203 0.447266 0.046875 0.167969
1 0.621094 0.443359 0.027344 0.214844
1 0.599609 0.455078 0.027344 0.191406
1 0.567383 0.457031 0.037109 0.187500
1 0.538086 0.511719 0.025391 0.085938
1 0.479492 0.496094 0.037109 0.164062
3 0.445312 0.466797 0.035156 0.199219
3 0.344727 0.654297 0.076172 0.191406
1 0.290039 0.455078 0.048828 0.160156
1 0.335938 0.443359 0.050781 0.175781
1 0.370117 0.455078 0.029297 0.183594
1 0.384766 0.671875 0.046875 0.195312
1 0.509766 0.515625 0.027344 0.085938
1 0.418945 0.677734 0.033203 0.191406
1 0.586914 0.669922 0.037109 0.191406
0 0.704102 0.443359 0.048828 0.144531
1 0.392578 0.460938 0.031250 0.195312
