1 0.687500 0.542969 0.058594 0.164062
1 0.710938 0.371094 0.058594 0.187500
1 0.292969 0.509766 0.050781 0.167969
2 0.226562 0.392578 0.074219 0.121094
2 0.783203 0.398438 0.082031 0.125000
3 0.425781 0.306641 0.031250 0.238281
1 0.614258 0.521484 0.048828 0.191406
1 0.362305 0.507812 0.041016 0.203125
0 0.363281 0.300781 0.035156 0.164062
0 0.396484 0.296875 0.027344 0.171875
0 0.361328 0.503906 0.042969 0.203125
0 0.625000 0.328125 0.035156 0.109375
0 0.551758 0.312500 0.037109 0.242188
1 0.668945 0.351562 0.087891 0.203125
0 0.407227 0.542969 0.029297 0.179688
