1 0.312500 0.457031 0.058594 0.164062
1 0.289062 0.628906 0.058594 0.187500
1 0.707031 0.490234 0.050781 0.167969
2 0.773438 0.607422 0.074219 0.121094
2 0.216797 0.601562 0.082031 0.125000
3 0.574219 0.693359 0.031250 0.238281
1 0.385742 0.478516 0.048828 0.191406
1 0.637695 0.492188 0.041016 0.203125
0 0.636719 0.699219 0.035156 0.164062
0 0.603516 0.703125 0.027344 0.171875
0 0.638672 0.496094 0.042969 0.203125
0 0.375000 0.671875 0.035156 0.109375
0 0.448242 0.687500 0.037109 0.242188
1 0.331055 0.648438 0.087891 0.203125
0 0.592773 0.457031 0.029297 0.179688
