1 0.312500 0.542969 0.058594 0.164062
1 0.289062 0.371094 0.058594 0.187500
1 0.707031 0.509766 0.050781 0.167969
2 0.773438 0.392578 0.074219 0.121094
2 0.216797 0.398438 0.082031 0.125000
3 0.574219 0.306641 0.031250 0.238281
1 0.385742 0.521484 0.048828 0.191406
1 0.637695 0.507812 0.041016 0.203125
0 0.636719 0.300781 0.035156 0.164062
0 0.603516 0.296875 0.027344 0.171875
0 0.638672 0.503906 0.042969 0.203125
0 0.375000 0.328125 0.035156 0.109375
0 0.448242 0.312500 0.037109 0.242188
1 0.331055 0.351562 0.087891 0.203125
0 0.592773 0.542969 0.029297 0.179688
