1 0.321289 0.468750 0.048828 0.148438
1 0.374023 0.482422 0.041016 0.167969
1 0.413086 0.478516 0.041016 0.183594
1 0.273438 0.621094 0.066406 0.140625
1 0.320312 0.662109 0.066406 0.175781
1 0.366211 0.681641 0.048828 0.207031
1 0.407227 0.673828 0.033203 0.175781
1 0.646484 0.498047 0.054688 0.183594
3 0.647461 0.685547 0.044922 0.175781
1 0.699219 0.660156 0.066406 0.164062
1 0.440430 0.652344 0.041016 0.148438
1 0.598633 0.500000 0.037109 0.171875
1 0.587891 0.703125 0.023438 0.210938
1 0.612305 0.701172 0.033203 0.191406
1 0.454102 0.478516 0.037109 0.160156
