1 0.686523 0.419922 0.041016 0.175781
1 0.647461 0.474609 0.033203 0.105469
3 0.615234 0.439453 0.031250 0.183594
1 0.583984 0.482422 0.039062 0.097656
3 0.645508 0.634766 0.056641 0.183594
3 0.329102 0.447266 0.044922 0.191406
3 0.285156 0.441406 0.050781 0.187500
1 0.696289 0.611328 0.060547 0.183594
0 0.335938 0.638672 0.046875 0.175781
1 0.370117 0.666016 0.044922 0.199219
1 0.372070 0.460938 0.041016 0.187500
1 0.608398 0.656250 0.033203 0.210938
3 0.433594 0.460938 0.046875 0.187500
1 0.733398 0.564453 0.048828 0.136719
1 0.240234 0.589844 0.066406 0.164062
