3 0.309570 0.314453 0.056641 0.175781
3 0.337891 0.488281 0.046875 0.171875
3 0.379883 0.503906 0.041016 0.195312
3 0.524414 0.537109 0.041016 0.191406
3 0.624023 0.527344 0.044922 0.171875
3 0.541992 0.341797 0.021484 0.175781
3 0.685547 0.330078 0.058594 0.183594
1 0.751953 0.531250 0.058594 0.171875
1 0.254883 0.490234 0.056641 0.183594
1 0.698242 0.484375 0.052734 0.078125
1 0.657227 0.480469 0.025391 0.078125
1 0.636719 0.328125 0.042969 0.195312
1 0.362305 0.304688 0.041016 0.203125
1 0.306641 0.478516 0.050781 0.167969
1 0.250000 0.333984 0.062500 0.152344
