3 0.613281 0.519531 0.042969 0.210938
3 0.652344 0.298828 0.054688 0.175781
3 0.679688 0.560547 0.050781 0.269531
3 0.563477 0.521484 0.037109 0.246094
3 0.526367 0.517578 0.033203 0.222656
3 0.441406 0.542969 0.031250 0.210938
3 0.414062 0.562500 0.031250 0.210938
3 0.379883 0.568359 0.041016 0.191406
3 0.342773 0.566406 0.041016 0.195312
3 0.357422 0.339844 0.042969 0.179688
3 0.390625 0.316406 0.035156 0.195312
1 0.423828 0.316406 0.035156 0.179688
3 0.585938 0.291016 0.039062 0.160156
1 0.612305 0.324219 0.029297 0.109375
1 0.468750 0.482422 0.031250 0.105469
1 0.494141 0.474609 0.035156 0.121094
