3 0.634766 0.498047 0.035156 0.167969
3 0.660156 0.697266 0.058594 0.183594
1 0.710938 0.511719 0.050781 0.179688
3 0.702148 0.683594 0.056641 0.156250
1 0.392578 0.705078 0.039062 0.199219
1 0.354492 0.642578 0.044922 0.082031
1 0.298828 0.683594 0.070312 0.164062
3 0.379883 0.507812 0.029297 0.171875
1 0.305664 0.509766 0.048828 0.167969
1 0.616211 0.683594 0.033203 0.179688
3 0.667969 0.503906 0.046875 0.187500
1 0.584961 0.679688 0.033203 0.171875
3 0.606445 0.507812 0.021484 0.164062
1 0.405273 0.505859 0.025391 0.167969
1 0.580078 0.492188 0.031250 0.195312
