3 0.283203 0.369141 0.082031 0.160156
0 0.339844 0.349609 0.058594 0.167969
3 0.454102 0.527344 0.029297 0.171875
1 0.483398 0.533203 0.033203 0.183594
3 0.543945 0.537109 0.025391 0.152344
3 0.572266 0.552734 0.031250 0.191406
3 0.620117 0.556641 0.033203 0.167969
3 0.651367 0.560547 0.041016 0.167969
3 0.659180 0.365234 0.056641 0.152344
3 0.713867 0.380859 0.072266 0.152344
3 0.497070 0.310547 0.029297 0.144531
3 0.449219 0.300781 0.027344 0.171875
0 0.401367 0.521484 0.029297 0.152344
3 0.570312 0.308594 0.035156 0.156250
3 0.399414 0.523438 0.025391 0.156250
