3 0.716797 0.369141 0.082031 0.160156
0 0.660156 0.349609 0.058594 0.167969
3 0.545898 0.527344 0.029297 0.171875
1 0.516602 0.533203 0.033203 0.183594
3 0.456055 0.537109 0.025391 0.152344
3 0.427734 0.552734 0.031250 0.191406
3 0.379883 0.556641 0.033203 0.167969
3 0.348633 0.560547 0.041016 0.167969
3 0.340820 0.365234 0.056641 0.152344
3 0.286133 0.380859 0.072266 0.152344
3 0.502930 0.310547 0.029297 0.144531
3 0.550781 0.300781 0.027344 0.171875
0 0.598633 0.521484 0.029297 0.152344
3 0.429688 0.308594 0.035156 0.156250
3 0.600586 0.523438 0.025391 0.156250
