1 0.687500 0.570312 0.062500 0.164062
1 0.323242 0.599609 0.064453 0.183594
1 0.642578 0.382812 0.046875 0.210938
1 0.689453 0.384766 0.042969 0.167969
1 0.420898 0.429688 0.041016 0.187500
1 0.406250 0.625000 0.039062 0.171875
1 0.363281 0.611328 0.074219 0.175781
1 0.263672 0.564453 0.070312 0.136719
1 0.309570 0.388672 0.044922 0.199219
1 0.373047 0.410156 0.031250 0.195312
1 0.341797 0.419922 0.027344 0.167969
1 0.392578 0.427734 0.027344 0.175781
3 0.580078 0.410156 0.027344 0.164062
1 0.606445 0.400391 0.033203 0.175781
