3 0.330078 0.716797 0.027344 0.160156
3 0.360352 0.722656 0.037109 0.171875
3 0.330078 0.537109 0.035156 0.160156
3 0.359375 0.527344 0.027344 0.164062
3 0.392578 0.517578 0.035156 0.214844
3 0.460938 0.525391 0.039062 0.183594
1 0.397461 0.693359 0.033203 0.136719
1 0.430664 0.693359 0.033203 0.136719
1 0.425781 0.550781 0.031250 0.132812
1 0.500977 0.544922 0.033203 0.160156
1 0.537109 0.544922 0.035156 0.144531
1 0.575195 0.560547 0.044922 0.144531
1 0.459961 0.691406 0.021484 0.132812
1 0.487305 0.689453 0.029297 0.121094
1 0.546875 0.693359 0.039062 0.144531
1 0.513672 0.685547 0.027344 0.128906
