3 0.353516 0.515625 0.039062 0.187500
3 0.234375 0.482422 0.058594 0.105469
1 0.334961 0.304688 0.056641 0.195312
1 0.377930 0.312500 0.033203 0.179688
1 0.390625 0.517578 0.035156 0.175781
1 0.706055 0.503906 0.041016 0.171875
1 0.668945 0.488281 0.033203 0.125000
1 0.634766 0.503906 0.035156 0.140625
3 0.736328 0.335938 0.101562 0.148438
1 0.666016 0.324219 0.039062 0.132812
1 0.630859 0.330078 0.031250 0.144531
1 0.596680 0.320312 0.029297 0.187500
1 0.409180 0.310547 0.033203 0.183594
1 0.515625 0.509766 0.035156 0.097656
1 0.565430 0.335938 0.033203 0.164062
