3 0.425781 0.316406 0.039062 0.179688
3 0.580078 0.314453 0.035156 0.191406
3 0.337891 0.486328 0.050781 0.175781
3 0.375977 0.494141 0.037109 0.160156
3 0.411133 0.488281 0.037109 0.117188
3 0.463867 0.513672 0.025391 0.175781
3 0.583008 0.513672 0.029297 0.152344
3 0.553711 0.507812 0.025391 0.125000
3 0.524414 0.505859 0.033203 0.144531
3 0.640625 0.507812 0.035156 0.164062
3 0.610352 0.509766 0.025391 0.167969
1 0.611328 0.339844 0.023438 0.109375
1 0.634766 0.341797 0.023438 0.097656
1 0.667969 0.341797 0.035156 0.082031
1 0.726562 0.333984 0.082031 0.152344
2 0.725586 0.332031 0.076172 0.140625
1 0.290039 0.462891 0.048828 0.160156
