3 0.574219 0.683594 0.039062 0.179688
3 0.419922 0.685547 0.035156 0.191406
3 0.662109 0.513672 0.050781 0.175781
3 0.624023 0.505859 0.037109 0.160156
3 0.588867 0.511719 0.037109 0.117188
3 0.536133 0.486328 0.025391 0.175781
3 0.416992 0.486328 0.029297 0.152344
3 0.446289 0.492188 0.025391 0.125000
3 0.475586 0.494141 0.033203 0.144531
3 0.359375 0.492188 0.035156 0.164062
3 0.389648 0.490234 0.025391 0.167969
1 0.388672 0.660156 0.023438 0.109375
1 0.365234 0.658203 0.023438 0.097656
1 0.332031 0.658203 0.035156 0.082031
1 0.273438 0.666016 0.082031 0.152344
2 0.274414 0.667969 0.076172 0.140625
1 0.709961 0.537109 0.048828 0.160156
