3 0.574219 0.316406 0.039062 0.179688
3 0.419922 0.314453 0.035156 0.191406
3 0.662109 0.486328 0.050781 0.175781
3 0.624023 0.494141 0.037109 0.160156
3 0.588867 0.488281 0.037109 0.117188
3 0.536133 0.513672 0.025391 0.175781
3 0.416992 0.513672 0.029297 0.152344
3 0.446289 0.507812 0.025391 0.125000
3 0.475586 0.505859 0.033203 0.144531
3 0.359375 0.507812 0.035156 0.164062
3 0.389648 0.509766 0.025391 0.167969
1 0.388672 0.339844 0.023438 0.109375
1 0.365234 0.341797 0.023438 0.097656
1 0.332031 0.341797 0.035156 0.082031
1 0.273438 0.333984 0.082031 0.152344
2 0.274414 0.332031 0.076172 0.140625
1 0.709961 0.462891 0.048828 0.160156
