3 0.708008 0.380859 0.060547 0.160156
3 0.321289 0.619141 0.048828 0.230469
1 0.286133 0.416016 0.068359 0.175781
1 0.326172 0.378906 0.062500 0.179688
1 0.369141 0.355469 0.042969 0.140625
3 0.653320 0.359375 0.072266 0.171875
1 0.605469 0.351562 0.039062 0.156250
1 0.360352 0.541016 0.037109 0.175781
1 0.395508 0.537109 0.033203 0.183594
1 0.688477 0.564453 0.048828 0.167969
1 0.614258 0.531250 0.037109 0.164062
1 0.650391 0.535156 0.042969 0.156250
1 0.393555 0.339844 0.037109 0.156250
1 0.568359 0.529297 0.027344 0.246094
