3 0.291992 0.380859 0.060547 0.160156
3 0.678711 0.619141 0.048828 0.230469
1 0.713867 0.416016 0.068359 0.175781
1 0.673828 0.378906 0.062500 0.179688
1 0.630859 0.355469 0.042969 0.140625
3 0.346680 0.359375 0.072266 0.171875
1 0.394531 0.351562 0.039062 0.156250
1 0.639648 0.541016 0.037109 0.175781
1 0.604492 0.537109 0.033203 0.183594
1 0.311523 0.564453 0.048828 0.167969
1 0.385742 0.531250 0.037109 0.164062
1 0.349609 0.535156 0.042969 0.156250
1 0.606445 0.339844 0.037109 0.156250
1 0.431641 0.529297 0.027344 0.246094
