3 0.634766 0.574219 0.027344 0.218750
3 0.606445 0.576172 0.029297 0.222656
3 0.580078 0.572266 0.023438 0.207031
3 0.514648 0.587891 0.025391 0.214844
3 0.476562 0.585938 0.023438 0.203125
3 0.432617 0.580078 0.029297 0.214844
3 0.406250 0.583984 0.031250 0.207031
3 0.383789 0.591797 0.037109 0.222656
3 0.628906 0.353516 0.058594 0.167969
1 0.675781 0.369141 0.062500 0.160156
1 0.374023 0.363281 0.060547 0.171875
1 0.666992 0.521484 0.037109 0.113281
1 0.558594 0.519531 0.019531 0.093750
1 0.538086 0.519531 0.025391 0.085938
1 0.496094 0.517578 0.015625 0.082031
1 0.455078 0.525391 0.023438 0.082031
1 0.350586 0.531250 0.033203 0.093750
