3 0.568359 0.466797 0.031250 0.207031
1 0.458984 0.462891 0.035156 0.214844
1 0.420898 0.441406 0.044922 0.218750
1 0.279297 0.628906 0.062500 0.164062
1 0.334961 0.650391 0.068359 0.199219
1 0.257812 0.431641 0.054688 0.175781
3 0.487305 0.695312 0.029297 0.187500
1 0.497070 0.464844 0.037109 0.226562
1 0.534180 0.455078 0.037109 0.214844
1 0.602539 0.468750 0.041016 0.218750
3 0.613281 0.689453 0.042969 0.191406
1 0.684570 0.662109 0.068359 0.191406
1 0.703125 0.451172 0.054688 0.175781
1 0.753906 0.443359 0.054688 0.175781
1 0.742188 0.638672 0.078125 0.167969
0 0.354492 0.441406 0.037109 0.164062
0 0.279297 0.625000 0.062500 0.164062
1 0.386719 0.662109 0.042969 0.175781
0 0.742188 0.638672 0.074219 0.167969
0 0.457031 0.679688 0.050781 0.171875
