3 0.276367 0.388672 0.087891 0.199219
3 0.409180 0.666016 0.048828 0.199219
3 0.266602 0.658203 0.056641 0.222656
3 0.324219 0.658203 0.062500 0.230469
3 0.371094 0.662109 0.035156 0.230469
3 0.413086 0.667969 0.044922 0.195312
3 0.662109 0.644531 0.062500 0.210938
1 0.226562 0.462891 0.082031 0.207031
1 0.626953 0.369141 0.039062 0.222656
1 0.721680 0.412109 0.083984 0.214844
1 0.765625 0.480469 0.074219 0.195312
1 0.373047 0.369141 0.035156 0.246094
0 0.550781 0.664062 0.031250 0.234375
0 0.586914 0.671875 0.037109 0.257812
1 0.715820 0.669922 0.052734 0.214844
