1 0.230469 0.537109 0.085938 0.253906
1 0.250977 0.271484 0.048828 0.222656
1 0.600586 0.552734 0.029297 0.207031
1 0.621094 0.296875 0.042969 0.242188
1 0.695312 0.580078 0.070312 0.253906
1 0.754883 0.531250 0.072266 0.218750
1 0.749023 0.289062 0.056641 0.210938
1 0.701172 0.296875 0.046875 0.234375
1 0.657227 0.296875 0.041016 0.242188
1 0.638672 0.591797 0.035156 0.261719
1 0.294922 0.292969 0.042969 0.226562
1 0.292969 0.572266 0.078125 0.261719
1 0.347656 0.595703 0.042969 0.292969
1 0.386719 0.541016 0.027344 0.199219
1 0.335938 0.287109 0.035156 0.238281
1 0.370117 0.294922 0.033203 0.246094
