3 0.724609 0.556641 0.054688 0.230469
3 0.325195 0.550781 0.056641 0.273438
1 0.677734 0.552734 0.046875 0.253906
1 0.634766 0.550781 0.027344 0.257812
1 0.606445 0.548828 0.033203 0.261719
1 0.271484 0.548828 0.054688 0.261719
1 0.337891 0.251953 0.031250 0.261719
1 0.372070 0.255859 0.033203 0.238281
1 0.296875 0.269531 0.058594 0.250000
1 0.249023 0.281250 0.056641 0.234375
1 0.631836 0.259766 0.037109 0.253906
1 0.669922 0.253906 0.042969 0.273438
1 0.703125 0.271484 0.046875 0.261719
1 0.749023 0.292969 0.052734 0.242188
1 0.371094 0.539062 0.035156 0.242188
1 0.404297 0.548828 0.035156 0.292969
