3 0.275391 0.443359 0.054688 0.230469
3 0.674805 0.449219 0.056641 0.273438
1 0.322266 0.447266 0.046875 0.253906
1 0.365234 0.449219 0.027344 0.257812
1 0.393555 0.451172 0.033203 0.261719
1 0.728516 0.451172 0.054688 0.261719
1 0.662109 0.748047 0.031250 0.261719
1 0.627930 0.744141 0.033203 0.238281
1 0.703125 0.730469 0.058594 0.250000
1 0.750977 0.718750 0.056641 0.234375
1 0.368164 0.740234 0.037109 0.253906
1 0.330078 0.746094 0.042969 0.273438
1 0.296875 0.728516 0.046875 0.261719
1 0.250977 0.707031 0.052734 0.242188
1 0.628906 0.460938 0.035156 0.242188
1 0.595703 0.451172 0.035156 0.292969
