0 0.749023 0.576172 0.021484 0.105469
0 0.709961 0.583984 0.052734 0.097656
1 0.633789 0.388672 0.033203 0.191406
1 0.338867 0.382812 0.072266 0.218750
1 0.229492 0.542969 0.091797 0.171875
0 0.570312 0.357422 0.031250 0.199219
1 0.348633 0.587891 0.037109 0.199219
1 0.669922 0.400391 0.031250 0.175781
0 0.635742 0.587891 0.029297 0.183594
0 0.532227 0.355469 0.041016 0.203125
0 0.485352 0.369141 0.041016 0.175781
0 0.447266 0.347656 0.039062 0.187500
0 0.243164 0.386719 0.041016 0.117188
0 0.667969 0.583984 0.035156 0.183594
0 0.760742 0.396484 0.041016 0.113281
0 0.602539 0.359375 0.041016 0.218750
