3 0.367188 0.714844 0.039062 0.171875
3 0.327148 0.718750 0.044922 0.179688
1 0.274414 0.667969 0.083984 0.164062
1 0.669922 0.699219 0.070312 0.179688
3 0.673828 0.490234 0.046875 0.183594
1 0.718750 0.496094 0.050781 0.179688
1 0.640625 0.535156 0.027344 0.101562
1 0.613281 0.496094 0.027344 0.195312
3 0.380859 0.517578 0.031250 0.183594
1 0.307617 0.513672 0.044922 0.167969
3 0.466797 0.505859 0.023438 0.175781
1 0.625000 0.716797 0.031250 0.199219
1 0.411133 0.523438 0.029297 0.164062
1 0.584961 0.498047 0.033203 0.191406
