3 0.449219 0.500000 0.027344 0.171875
3 0.538086 0.496094 0.025391 0.156250
1 0.279297 0.617188 0.058594 0.140625
1 0.322266 0.646484 0.070312 0.144531
1 0.367188 0.675781 0.082031 0.164062
1 0.620117 0.505859 0.037109 0.160156
1 0.656250 0.513672 0.039062 0.152344
1 0.693359 0.494141 0.042969 0.160156
1 0.405273 0.505859 0.029297 0.160156
1 0.376953 0.509766 0.035156 0.160156
1 0.338867 0.490234 0.044922 0.160156
1 0.425781 0.675781 0.031250 0.164062
1 0.620117 0.699219 0.037109 0.179688
1 0.296875 0.480469 0.042969 0.148438
