3 0.693359 0.515625 0.050781 0.273438
3 0.650391 0.523438 0.035156 0.257812
3 0.602539 0.738281 0.029297 0.164062
3 0.588867 0.533203 0.041016 0.238281
3 0.305664 0.529297 0.037109 0.277344
3 0.345703 0.523438 0.042969 0.265625
3 0.395508 0.519531 0.041016 0.250000
3 0.398438 0.734375 0.027344 0.171875
1 0.622070 0.585938 0.029297 0.125000
1 0.554688 0.597656 0.031250 0.148438
3 0.513672 0.521484 0.046875 0.292969
3 0.458984 0.519531 0.062500 0.281250
1 0.426758 0.589844 0.037109 0.140625
1 0.273438 0.585938 0.050781 0.156250
