3 0.306641 0.515625 0.050781 0.273438
3 0.349609 0.523438 0.035156 0.257812
3 0.397461 0.738281 0.029297 0.164062
3 0.411133 0.533203 0.041016 0.238281
3 0.694336 0.529297 0.037109 0.277344
3 0.654297 0.523438 0.042969 0.265625
3 0.604492 0.519531 0.041016 0.250000
3 0.601562 0.734375 0.027344 0.171875
1 0.377930 0.585938 0.029297 0.125000
1 0.445312 0.597656 0.031250 0.148438
3 0.486328 0.521484 0.046875 0.292969
3 0.541016 0.519531 0.062500 0.281250
1 0.573242 0.589844 0.037109 0.140625
1 0.726562 0.585938 0.050781 0.156250
