3 0.288086 0.345703 0.060547 0.207031
3 0.405273 0.482422 0.037109 0.191406
3 0.509766 0.460938 0.027344 0.156250
3 0.582031 0.474609 0.035156 0.175781
2 0.757812 0.306641 0.078125 0.113281
2 0.245117 0.298828 0.060547 0.113281
1 0.333008 0.326172 0.076172 0.175781
1 0.341797 0.494141 0.042969 0.160156
1 0.299805 0.511719 0.044922 0.132812
1 0.375000 0.486328 0.031250 0.167969
1 0.535156 0.462891 0.027344 0.152344
1 0.555664 0.470703 0.021484 0.160156
1 0.662109 0.308594 0.082031 0.171875
1 0.584961 0.296875 0.033203 0.156250
1 0.674805 0.484375 0.048828 0.156250
1 0.617188 0.468750 0.031250 0.156250
1 0.399414 0.308594 0.033203 0.171875
