3 0.709961 0.480469 0.044922 0.187500
1 0.670898 0.513672 0.044922 0.113281
3 0.640625 0.441406 0.046875 0.226562
3 0.610352 0.437500 0.052734 0.210938
3 0.570312 0.416016 0.035156 0.246094
1 0.543945 0.464844 0.021484 0.140625
1 0.517578 0.455078 0.031250 0.152344
1 0.485352 0.455078 0.033203 0.152344
1 0.458984 0.458984 0.023438 0.144531
3 0.427734 0.416016 0.039062 0.222656
3 0.387695 0.419922 0.041016 0.222656
3 0.354492 0.421875 0.037109 0.226562
3 0.321289 0.429688 0.029297 0.226562
3 0.287109 0.419922 0.042969 0.238281
3 0.663086 0.691406 0.041016 0.203125
3 0.625977 0.689453 0.033203 0.214844
1 0.593750 0.656250 0.031250 0.140625
3 0.561523 0.705078 0.037109 0.261719
3 0.502930 0.703125 0.037109 0.265625
3 0.458008 0.681641 0.029297 0.253906
3 0.427734 0.673828 0.035156 0.238281
3 0.394531 0.675781 0.035156 0.218750
3 0.357422 0.667969 0.046875 0.203125
1 0.532227 0.642578 0.021484 0.136719
1 0.481445 0.636719 0.021484 0.140625
