3 0.709961 0.519531 0.044922 0.187500
1 0.670898 0.486328 0.044922 0.113281
3 0.640625 0.558594 0.046875 0.226562
3 0.610352 0.562500 0.052734 0.210938
3 0.570312 0.583984 0.035156 0.246094
1 0.543945 0.535156 0.021484 0.140625
1 0.517578 0.544922 0.031250 0.152344
1 0.485352 0.544922 0.033203 0.152344
1 0.458984 0.541016 0.023438 0.144531
3 0.427734 0.583984 0.039062 0.222656
3 0.387695 0.580078 0.041016 0.222656
3 0.354492 0.578125 0.037109 0.226562
3 0.321289 0.570312 0.029297 0.226562
3 0.287109 0.580078 0.042969 0.238281
3 0.663086 0.308594 0.041016 0.203125
3 0.625977 0.310547 0.033203 0.214844
1 0.593750 0.343750 0.031250 0.140625
3 0.561523 0.294922 0.037109 0.261719
3 0.502930 0.296875 0.037109 0.265625
3 0.458008 0.318359 0.029297 0.253906
3 0.427734 0.326172 0.035156 0.238281
3 0.394531 0.324219 0.035156 0.218750
3 0.357422 0.332031 0.046875 0.203125
1 0.532227 0.357422 0.021484 0.136719
1 0.481445 0.363281 0.021484 0.140625
