1 0.346680 0.541016 0.029297 0.191406
1 0.721680 0.380859 0.052734 0.136719
1 0.673828 0.353516 0.054688 0.136719
1 0.602539 0.339844 0.037109 0.179688
1 0.635742 0.373047 0.025391 0.113281
3 0.389648 0.337891 0.029297 0.160156
1 0.360352 0.351562 0.033203 0.148438
3 0.311523 0.544922 0.044922 0.191406
1 0.331055 0.398438 0.033203 0.070312
0 0.714844 0.527344 0.027344 0.101562
0 0.686523 0.527344 0.029297 0.093750
0 0.428711 0.556641 0.025391 0.152344
0 0.400391 0.539062 0.027344 0.164062
1 0.400391 0.537109 0.027344 0.167969
1 0.373047 0.500000 0.027344 0.109375
1 0.284180 0.394531 0.056641 0.132812
