3 0.299805 0.402344 0.064453 0.156250
3 0.705078 0.587891 0.062500 0.199219
3 0.659180 0.593750 0.068359 0.210938
3 0.603516 0.593750 0.062500 0.187500
3 0.381836 0.589844 0.044922 0.218750
3 0.355469 0.589844 0.027344 0.218750
3 0.291016 0.580078 0.046875 0.183594
3 0.594727 0.375000 0.037109 0.210938
1 0.704102 0.376953 0.072266 0.214844
1 0.642578 0.378906 0.066406 0.203125
1 0.370117 0.371094 0.037109 0.203125
1 0.560547 0.447266 0.031250 0.066406
1 0.327148 0.564453 0.025391 0.160156
1 0.567383 0.607422 0.033203 0.214844
