3 0.700195 0.597656 0.064453 0.156250
3 0.294922 0.412109 0.062500 0.199219
3 0.340820 0.406250 0.068359 0.210938
3 0.396484 0.406250 0.062500 0.187500
3 0.618164 0.410156 0.044922 0.218750
3 0.644531 0.410156 0.027344 0.218750
3 0.708984 0.419922 0.046875 0.183594
3 0.405273 0.625000 0.037109 0.210938
1 0.295898 0.623047 0.072266 0.214844
1 0.357422 0.621094 0.066406 0.203125
1 0.629883 0.628906 0.037109 0.203125
1 0.439453 0.552734 0.031250 0.066406
1 0.672852 0.435547 0.025391 0.160156
1 0.432617 0.392578 0.033203 0.214844
