1 0.663086 0.625000 0.056641 0.171875
1 0.384766 0.605469 0.085938 0.171875
3 0.421875 0.615234 0.046875 0.183594
3 0.459961 0.628906 0.037109 0.187500
3 0.478516 0.412109 0.023438 0.199219
3 0.601562 0.451172 0.027344 0.144531
3 0.625000 0.439453 0.027344 0.144531
1 0.629883 0.638672 0.044922 0.175781
1 0.686523 0.427734 0.033203 0.183594
1 0.654297 0.433594 0.035156 0.164062
1 0.303711 0.402344 0.048828 0.148438
1 0.453125 0.439453 0.019531 0.160156
1 0.338867 0.408203 0.033203 0.175781
0 0.384766 0.400391 0.054688 0.191406
1 0.430664 0.443359 0.025391 0.136719
