1 0.663086 0.375000 0.056641 0.171875
1 0.384766 0.394531 0.085938 0.171875
3 0.421875 0.384766 0.046875 0.183594
3 0.459961 0.371094 0.037109 0.187500
3 0.478516 0.587891 0.023438 0.199219
3 0.601562 0.548828 0.027344 0.144531
3 0.625000 0.560547 0.027344 0.144531
1 0.629883 0.361328 0.044922 0.175781
1 0.686523 0.572266 0.033203 0.183594
1 0.654297 0.566406 0.035156 0.164062
1 0.303711 0.597656 0.048828 0.148438
1 0.453125 0.560547 0.019531 0.160156
1 0.338867 0.591797 0.033203 0.175781
0 0.384766 0.599609 0.054688 0.191406
1 0.430664 0.556641 0.025391 0.136719
