1 0.715820 0.625000 0.068359 0.156250
1 0.666992 0.632812 0.037109 0.140625
1 0.633789 0.626953 0.041016 0.136719
1 0.599609 0.634766 0.035156 0.160156
1 0.242188 0.646484 0.070312 0.136719
1 0.294922 0.634766 0.039062 0.074219
1 0.333008 0.642578 0.037109 0.066406
1 0.246094 0.492188 0.054688 0.132812
1 0.529297 0.458984 0.042969 0.167969
3 0.305664 0.500000 0.056641 0.148438
3 0.347656 0.482422 0.039062 0.152344
3 0.384766 0.470703 0.042969 0.144531
3 0.631836 0.449219 0.037109 0.171875
3 0.662109 0.460938 0.027344 0.148438
3 0.370117 0.677734 0.041016 0.152344
