1 0.666992 0.541016 0.056641 0.152344
1 0.610352 0.359375 0.044922 0.187500
1 0.576172 0.363281 0.039062 0.179688
1 0.394531 0.349609 0.031250 0.191406
1 0.400391 0.535156 0.046875 0.132812
1 0.358398 0.539062 0.044922 0.156250
1 0.285156 0.531250 0.062500 0.171875
1 0.591797 0.572266 0.050781 0.183594
1 0.358398 0.353516 0.037109 0.183594
0 0.512695 0.562500 0.033203 0.179688
0 0.478516 0.556641 0.035156 0.175781
0 0.542969 0.568359 0.031250 0.183594
1 0.715820 0.369141 0.068359 0.160156
1 0.716797 0.544922 0.046875 0.152344
1 0.424805 0.355469 0.033203 0.187500
0 0.660156 0.375000 0.058594 0.156250
