1 0.333008 0.458984 0.056641 0.152344
1 0.389648 0.640625 0.044922 0.187500
1 0.423828 0.636719 0.039062 0.179688
1 0.605469 0.650391 0.031250 0.191406
1 0.599609 0.464844 0.046875 0.132812
1 0.641602 0.460938 0.044922 0.156250
1 0.714844 0.468750 0.062500 0.171875
1 0.408203 0.427734 0.050781 0.183594
1 0.641602 0.646484 0.037109 0.183594
0 0.487305 0.437500 0.033203 0.179688
0 0.521484 0.443359 0.035156 0.175781
0 0.457031 0.431641 0.031250 0.183594
1 0.284180 0.630859 0.068359 0.160156
1 0.283203 0.455078 0.046875 0.152344
1 0.575195 0.644531 0.033203 0.187500
0 0.339844 0.625000 0.058594 0.156250
