3 0.576172 0.558594 0.039062 0.218750
3 0.714844 0.509766 0.050781 0.160156
3 0.696289 0.312500 0.064453 0.187500
1 0.496094 0.347656 0.035156 0.187500
1 0.475586 0.349609 0.021484 0.199219
1 0.456055 0.337891 0.025391 0.214844
1 0.424805 0.314453 0.037109 0.246094
3 0.397461 0.291016 0.025391 0.183594
3 0.366211 0.294922 0.029297 0.183594
3 0.327148 0.287109 0.044922 0.183594
1 0.641602 0.294922 0.056641 0.183594
3 0.594727 0.302734 0.041016 0.183594
3 0.557617 0.306641 0.037109 0.207031
3 0.665039 0.519531 0.048828 0.187500
3 0.633789 0.523438 0.044922 0.195312
3 0.600586 0.527344 0.041016 0.195312
1 0.539062 0.513672 0.031250 0.113281
1 0.511719 0.519531 0.027344 0.117188
1 0.480469 0.523438 0.035156 0.117188
3 0.448242 0.558594 0.033203 0.179688
3 0.388672 0.533203 0.039062 0.191406
3 0.351562 0.537109 0.035156 0.199219
1 0.320312 0.537109 0.042969 0.191406
