3 0.423828 0.441406 0.039062 0.218750
3 0.285156 0.490234 0.050781 0.160156
3 0.303711 0.687500 0.064453 0.187500
1 0.503906 0.652344 0.035156 0.187500
1 0.524414 0.650391 0.021484 0.199219
1 0.543945 0.662109 0.025391 0.214844
1 0.575195 0.685547 0.037109 0.246094
3 0.602539 0.708984 0.025391 0.183594
3 0.633789 0.705078 0.029297 0.183594
3 0.672852 0.712891 0.044922 0.183594
1 0.358398 0.705078 0.056641 0.183594
3 0.405273 0.697266 0.041016 0.183594
3 0.442383 0.693359 0.037109 0.207031
3 0.334961 0.480469 0.048828 0.187500
3 0.366211 0.476562 0.044922 0.195312
3 0.399414 0.472656 0.041016 0.195312
1 0.460938 0.486328 0.031250 0.113281
1 0.488281 0.480469 0.027344 0.117188
1 0.519531 0.476562 0.035156 0.117188
3 0.551758 0.441406 0.033203 0.179688
3 0.611328 0.466797 0.039062 0.191406
3 0.648438 0.462891 0.035156 0.199219
1 0.679688 0.462891 0.042969 0.191406
