3 0.550781 0.576172 0.031250 0.277344
3 0.606445 0.589844 0.044922 0.250000
3 0.413086 0.601562 0.041016 0.273438
3 0.482422 0.582031 0.042969 0.296875
1 0.664062 0.591797 0.050781 0.175781
1 0.703125 0.630859 0.050781 0.167969
1 0.726562 0.468750 0.074219 0.164062
1 0.676758 0.414062 0.076172 0.171875
1 0.637695 0.384766 0.052734 0.167969
1 0.305664 0.648438 0.064453 0.164062
1 0.345703 0.623047 0.054688 0.191406
1 0.378906 0.603516 0.039062 0.199219
1 0.292969 0.486328 0.085938 0.167969
1 0.341797 0.437500 0.082031 0.171875
1 0.387695 0.408203 0.052734 0.160156
1 0.420898 0.367188 0.052734 0.164062
1 0.451172 0.347656 0.054688 0.156250
1 0.489258 0.345703 0.029297 0.136719
1 0.514648 0.349609 0.025391 0.121094
1 0.538086 0.347656 0.029297 0.132812
1 0.576172 0.343750 0.046875 0.171875
1 0.608398 0.355469 0.048828 0.179688
1 0.447266 0.525391 0.031250 0.144531
1 0.520508 0.515625 0.037109 0.156250
1 0.583008 0.505859 0.033203 0.128906
1 0.632812 0.531250 0.039062 0.109375
