3 0.677734 0.394531 0.070312 0.148438
1 0.308594 0.404297 0.066406 0.136719
1 0.362305 0.402344 0.041016 0.070312
1 0.396484 0.375000 0.027344 0.148438
1 0.519531 0.542969 0.027344 0.140625
1 0.575195 0.541016 0.025391 0.167969
3 0.551758 0.373047 0.033203 0.160156
1 0.692383 0.539062 0.052734 0.140625
1 0.626953 0.505859 0.027344 0.082031
3 0.605469 0.554688 0.035156 0.179688
1 0.623047 0.384766 0.062500 0.160156
1 0.438477 0.546875 0.037109 0.179688
1 0.655273 0.511719 0.029297 0.093750
1 0.419922 0.351562 0.019531 0.179688
