0 0.724609 0.599609 0.074219 0.128906
0 0.656250 0.628906 0.023438 0.140625
0 0.628906 0.634766 0.031250 0.128906
0 0.598633 0.652344 0.029297 0.125000
0 0.548828 0.669922 0.035156 0.191406
0 0.573242 0.660156 0.025391 0.171875
0 0.429688 0.464844 0.027344 0.156250
0 0.394531 0.644531 0.031250 0.085938
0 0.350586 0.589844 0.029297 0.093750
0 0.266602 0.558594 0.037109 0.117188
0 0.440430 0.681641 0.033203 0.152344
0 0.563477 0.468750 0.037109 0.195312
0 0.507812 0.644531 0.023438 0.156250
0 0.487305 0.644531 0.025391 0.148438
0 0.524414 0.656250 0.013672 0.085938
0 0.510742 0.490234 0.017578 0.097656
0 0.375000 0.613281 0.027344 0.085938
0 0.477539 0.490234 0.025391 0.105469
0 0.532227 0.492188 0.021484 0.093750
