3 0.307617 0.304688 0.041016 0.210938
1 0.227539 0.318359 0.044922 0.191406
1 0.267578 0.308594 0.046875 0.218750
1 0.271484 0.550781 0.062500 0.226562
1 0.790039 0.503906 0.083984 0.210938
1 0.750000 0.306641 0.039062 0.214844
3 0.696289 0.316406 0.048828 0.242188
1 0.663086 0.300781 0.029297 0.265625
1 0.626953 0.304688 0.042969 0.250000
1 0.641602 0.576172 0.037109 0.246094
1 0.374023 0.310547 0.033203 0.214844
1 0.407227 0.296875 0.037109 0.218750
1 0.357422 0.566406 0.039062 0.265625
1 0.389648 0.574219 0.041016 0.273438
1 0.609375 0.564453 0.035156 0.246094
3 0.440430 0.261719 0.033203 0.296875
3 0.425781 0.583984 0.039062 0.292969
