3 0.660156 0.320312 0.070312 0.171875
1 0.309570 0.382812 0.091797 0.156250
3 0.388672 0.582031 0.027344 0.203125
3 0.619141 0.544922 0.039062 0.183594
3 0.593750 0.535156 0.027344 0.164062
3 0.704102 0.541016 0.064453 0.183594
3 0.412109 0.335938 0.035156 0.171875
1 0.374023 0.373047 0.044922 0.074219
1 0.653320 0.511719 0.044922 0.085938
1 0.417969 0.556641 0.031250 0.136719
1 0.613281 0.322266 0.031250 0.175781
1 0.586914 0.308594 0.025391 0.164062
1 0.445312 0.566406 0.023438 0.171875
1 0.568359 0.525391 0.027344 0.175781
