3 0.459961 0.595703 0.041016 0.207031
1 0.494141 0.552734 0.027344 0.121094
3 0.644531 0.541016 0.078125 0.175781
1 0.544922 0.400391 0.039062 0.144531
1 0.301758 0.501953 0.041016 0.175781
1 0.337891 0.507812 0.042969 0.164062
1 0.366211 0.521484 0.037109 0.175781
3 0.390625 0.544922 0.035156 0.183594
1 0.415039 0.560547 0.033203 0.175781
1 0.439453 0.580078 0.031250 0.175781
1 0.549805 0.531250 0.037109 0.109375
1 0.597656 0.556641 0.058594 0.160156
3 0.518555 0.580078 0.025391 0.183594
3 0.312500 0.324219 0.042969 0.148438
0 0.656250 0.355469 0.058594 0.125000
1 0.278320 0.373047 0.052734 0.136719
0 0.381836 0.337891 0.033203 0.136719
