1 0.299805 0.642578 0.064453 0.175781
1 0.327148 0.460938 0.033203 0.187500
3 0.354492 0.673828 0.052734 0.207031
1 0.394531 0.685547 0.035156 0.214844
1 0.658203 0.439453 0.058594 0.214844
1 0.656250 0.671875 0.078125 0.210938
3 0.705078 0.419922 0.050781 0.207031
1 0.608398 0.687500 0.044922 0.234375
1 0.291992 0.441406 0.041016 0.210938
1 0.755859 0.570312 0.082031 0.179688
1 0.711914 0.646484 0.083984 0.214844
1 0.361328 0.466797 0.031250 0.183594
1 0.426758 0.687500 0.037109 0.210938
1 0.388672 0.470703 0.027344 0.199219
