1 0.289062 0.609375 0.066406 0.203125
1 0.341797 0.632812 0.066406 0.203125
1 0.385742 0.630859 0.029297 0.207031
1 0.279297 0.414062 0.054688 0.195312
1 0.698242 0.615234 0.056641 0.175781
1 0.649414 0.626953 0.056641 0.191406
1 0.608398 0.625000 0.029297 0.203125
1 0.669922 0.417969 0.054688 0.195312
1 0.603516 0.417969 0.035156 0.195312
1 0.330078 0.416016 0.050781 0.191406
1 0.504883 0.560547 0.005859 0.003906
1 0.633789 0.421875 0.033203 0.203125
1 0.416016 0.632812 0.031250 0.218750
1 0.579102 0.628906 0.029297 0.218750
1 0.389648 0.417969 0.033203 0.203125
