1 0.709961 0.349609 0.068359 0.160156
1 0.666016 0.304688 0.078125 0.156250
1 0.621094 0.275391 0.039062 0.175781
1 0.591797 0.263672 0.042969 0.167969
1 0.386719 0.273438 0.035156 0.171875
1 0.301758 0.476562 0.037109 0.203125
1 0.344727 0.478516 0.041016 0.199219
1 0.379883 0.474609 0.037109 0.175781
1 0.403320 0.486328 0.029297 0.152344
1 0.559570 0.494141 0.025391 0.183594
1 0.597656 0.492188 0.023438 0.179688
1 0.625000 0.486328 0.027344 0.175781
1 0.646484 0.496094 0.023438 0.156250
1 0.418945 0.275391 0.021484 0.175781
