1 0.290039 0.349609 0.068359 0.160156
1 0.333984 0.304688 0.078125 0.156250
1 0.378906 0.275391 0.039062 0.175781
1 0.408203 0.263672 0.042969 0.167969
1 0.613281 0.273438 0.035156 0.171875
1 0.698242 0.476562 0.037109 0.203125
1 0.655273 0.478516 0.041016 0.199219
1 0.620117 0.474609 0.037109 0.175781
1 0.596680 0.486328 0.029297 0.152344
1 0.440430 0.494141 0.025391 0.183594
1 0.402344 0.492188 0.023438 0.179688
1 0.375000 0.486328 0.027344 0.175781
1 0.353516 0.496094 0.023438 0.156250
1 0.581055 0.275391 0.021484 0.175781
