3 0.637695 0.468750 0.041016 0.164062
3 0.675781 0.492188 0.035156 0.171875
1 0.302734 0.457031 0.042969 0.125000
3 0.341797 0.476562 0.050781 0.164062
3 0.465820 0.457031 0.033203 0.156250
1 0.711914 0.482422 0.041016 0.160156
0 0.354492 0.289062 0.068359 0.156250
1 0.406250 0.464844 0.031250 0.140625
0 0.427734 0.281250 0.027344 0.148438
1 0.307617 0.316406 0.052734 0.125000
1 0.354492 0.289062 0.068359 0.156250
1 0.399414 0.275391 0.037109 0.152344
1 0.426758 0.279297 0.029297 0.144531
1 0.584961 0.273438 0.029297 0.140625
1 0.614258 0.279297 0.037109 0.136719
1 0.529297 0.457031 0.031250 0.156250
1 0.612305 0.458984 0.025391 0.144531
1 0.380859 0.457031 0.031250 0.140625
1 0.436523 0.457031 0.033203 0.156250
0 0.437500 0.458984 0.035156 0.160156
