3 0.649414 0.607422 0.048828 0.183594
3 0.612305 0.621094 0.033203 0.226562
3 0.585938 0.625000 0.027344 0.210938
3 0.561523 0.625000 0.029297 0.234375
1 0.537109 0.554688 0.019531 0.109375
3 0.514648 0.591797 0.029297 0.191406
3 0.485352 0.611328 0.025391 0.230469
3 0.406250 0.626953 0.046875 0.222656
3 0.358398 0.630859 0.044922 0.191406
3 0.347656 0.390625 0.050781 0.218750
3 0.420898 0.367188 0.033203 0.226562
3 0.491211 0.359375 0.033203 0.218750
3 0.530273 0.343750 0.048828 0.218750
3 0.574219 0.343750 0.054688 0.218750
3 0.621094 0.343750 0.046875 0.242188
1 0.455078 0.412109 0.042969 0.121094
1 0.458984 0.554688 0.027344 0.117188
1 0.438477 0.617188 0.037109 0.210938
1 0.316406 0.628906 0.042969 0.179688
1 0.385742 0.419922 0.037109 0.136719
