3 0.649414 0.392578 0.048828 0.183594
3 0.612305 0.378906 0.033203 0.226562
3 0.585938 0.375000 0.027344 0.210938
3 0.561523 0.375000 0.029297 0.234375
1 0.537109 0.445312 0.019531 0.109375
3 0.514648 0.408203 0.029297 0.191406
3 0.485352 0.388672 0.025391 0.230469
3 0.406250 0.373047 0.046875 0.222656
3 0.358398 0.369141 0.044922 0.191406
3 0.347656 0.609375 0.050781 0.218750
3 0.420898 0.632812 0.033203 0.226562
3 0.491211 0.640625 0.033203 0.218750
3 0.530273 0.656250 0.048828 0.218750
3 0.574219 0.656250 0.054688 0.218750
3 0.621094 0.656250 0.046875 0.242188
1 0.455078 0.587891 0.042969 0.121094
1 0.458984 0.445312 0.027344 0.117188
1 0.438477 0.382812 0.037109 0.210938
1 0.316406 0.371094 0.042969 0.179688
1 0.385742 0.580078 0.037109 0.136719
