3 0.337891 0.527344 0.054688 0.242188
3 0.419922 0.531250 0.039062 0.304688
3 0.479492 0.509766 0.041016 0.253906
3 0.527344 0.511719 0.054688 0.273438
3 0.608398 0.507812 0.041016 0.250000
3 0.645508 0.511719 0.041016 0.250000
3 0.351562 0.283203 0.031250 0.152344
3 0.409180 0.271484 0.037109 0.128906
3 0.444336 0.263672 0.025391 0.175781
3 0.544922 0.267578 0.031250 0.167969
3 0.582031 0.275391 0.031250 0.152344
1 0.572266 0.457031 0.035156 0.140625
1 0.684570 0.468750 0.041016 0.125000
1 0.382812 0.458984 0.046875 0.136719
3 0.657227 0.291016 0.029297 0.152344
1 0.451172 0.449219 0.023438 0.132812
