3 0.337891 0.472656 0.054688 0.242188
3 0.419922 0.468750 0.039062 0.304688
3 0.479492 0.490234 0.041016 0.253906
3 0.527344 0.488281 0.054688 0.273438
3 0.608398 0.492188 0.041016 0.250000
3 0.645508 0.488281 0.041016 0.250000
3 0.351562 0.716797 0.031250 0.152344
3 0.409180 0.728516 0.037109 0.128906
3 0.444336 0.736328 0.025391 0.175781
3 0.544922 0.732422 0.031250 0.167969
3 0.582031 0.724609 0.031250 0.152344
1 0.572266 0.542969 0.035156 0.140625
1 0.684570 0.531250 0.041016 0.125000
1 0.382812 0.541016 0.046875 0.136719
3 0.657227 0.708984 0.029297 0.152344
1 0.451172 0.550781 0.023438 0.132812
