1 0.697266 0.656250 0.058594 0.187500
1 0.582031 0.652344 0.039062 0.179688
1 0.551758 0.603516 0.025391 0.074219
1 0.526367 0.605469 0.025391 0.093750
1 0.500000 0.601562 0.027344 0.093750
1 0.477539 0.601562 0.021484 0.085938
3 0.375977 0.662109 0.041016 0.191406
1 0.347656 0.613281 0.027344 0.085938
1 0.266602 0.628906 0.087891 0.171875
1 0.650391 0.652344 0.046875 0.171875
1 0.450195 0.646484 0.033203 0.183594
1 0.320312 0.611328 0.027344 0.074219
1 0.416992 0.652344 0.033203 0.179688
1 0.616211 0.640625 0.033203 0.156250
