1 0.601562 0.617188 0.039062 0.195312
1 0.565430 0.611328 0.037109 0.160156
3 0.308594 0.585938 0.085938 0.156250
3 0.315430 0.417969 0.052734 0.187500
1 0.352539 0.433594 0.033203 0.203125
1 0.419922 0.437500 0.042969 0.203125
1 0.457031 0.464844 0.035156 0.171875
1 0.483398 0.470703 0.033203 0.183594
1 0.519531 0.472656 0.035156 0.164062
1 0.547852 0.474609 0.025391 0.144531
1 0.574219 0.474609 0.031250 0.128906
1 0.356445 0.601562 0.056641 0.148438
1 0.725586 0.382812 0.052734 0.179688
1 0.676758 0.408203 0.044922 0.199219
1 0.637695 0.425781 0.033203 0.187500
1 0.610352 0.429688 0.033203 0.195312
