1 0.601562 0.382812 0.039062 0.195312
1 0.565430 0.388672 0.037109 0.160156
3 0.308594 0.414062 0.085938 0.156250
3 0.315430 0.582031 0.052734 0.187500
1 0.352539 0.566406 0.033203 0.203125
1 0.419922 0.562500 0.042969 0.203125
1 0.457031 0.535156 0.035156 0.171875
1 0.483398 0.529297 0.033203 0.183594
1 0.519531 0.527344 0.035156 0.164062
1 0.547852 0.525391 0.025391 0.144531
1 0.574219 0.525391 0.031250 0.128906
1 0.356445 0.398438 0.056641 0.148438
1 0.725586 0.617188 0.052734 0.179688
1 0.676758 0.591797 0.044922 0.199219
1 0.637695 0.574219 0.033203 0.187500
1 0.610352 0.570312 0.033203 0.195312
