3 0.299805 0.449219 0.060547 0.242188
1 0.243164 0.695312 0.052734 0.234375
1 0.656250 0.685547 0.031250 0.246094
1 0.699219 0.681641 0.054688 0.246094
1 0.747070 0.691406 0.048828 0.242188
3 0.736328 0.437500 0.062500 0.234375
3 0.677734 0.423828 0.046875 0.253906
3 0.290039 0.691406 0.056641 0.250000
3 0.332031 0.712891 0.039062 0.253906
3 0.371094 0.722656 0.039062 0.257812
1 0.635742 0.417969 0.041016 0.289062
1 0.242188 0.445312 0.070312 0.242188
1 0.348633 0.439453 0.044922 0.269531
1 0.625000 0.685547 0.035156 0.253906
