1 0.708984 0.466797 0.054688 0.175781
1 0.367188 0.689453 0.054688 0.214844
1 0.309570 0.460938 0.068359 0.164062
1 0.668945 0.505859 0.021484 0.066406
1 0.642578 0.507812 0.031250 0.093750
1 0.619141 0.515625 0.027344 0.093750
1 0.597656 0.529297 0.023438 0.074219
1 0.572266 0.480469 0.031250 0.195312
3 0.540039 0.466797 0.029297 0.183594
3 0.402344 0.681641 0.035156 0.199219
3 0.381836 0.464844 0.037109 0.179688
1 0.471680 0.466797 0.033203 0.191406
1 0.504883 0.468750 0.037109 0.171875
1 0.352539 0.517578 0.021484 0.058594
