1 0.291016 0.466797 0.054688 0.175781
1 0.632812 0.689453 0.054688 0.214844
1 0.690430 0.460938 0.068359 0.164062
1 0.331055 0.505859 0.021484 0.066406
1 0.357422 0.507812 0.031250 0.093750
1 0.380859 0.515625 0.027344 0.093750
1 0.402344 0.529297 0.023438 0.074219
1 0.427734 0.480469 0.031250 0.195312
3 0.459961 0.466797 0.029297 0.183594
3 0.597656 0.681641 0.035156 0.199219
3 0.618164 0.464844 0.037109 0.179688
1 0.528320 0.466797 0.033203 0.191406
1 0.495117 0.468750 0.037109 0.171875
1 0.647461 0.517578 0.021484 0.058594
