1 0.250977 0.451172 0.048828 0.175781
3 0.277344 0.652344 0.066406 0.171875
3 0.291992 0.468750 0.041016 0.171875
3 0.359375 0.464844 0.031250 0.171875
1 0.614258 0.677734 0.048828 0.207031
1 0.608398 0.466797 0.041016 0.183594
1 0.691406 0.480469 0.054688 0.156250
1 0.708008 0.667969 0.072266 0.187500
1 0.772461 0.630859 0.087891 0.167969
1 0.725586 0.718750 0.001953 0.007812
1 0.328125 0.457031 0.035156 0.187500
1 0.345703 0.658203 0.035156 0.167969
1 0.647461 0.476562 0.037109 0.164062
1 0.743164 0.470703 0.052734 0.175781
1 0.224609 0.613281 0.085938 0.164062
1 0.655273 0.625000 0.041016 0.085938
1 0.318359 0.609375 0.023438 0.070312
