1 0.749023 0.548828 0.048828 0.175781
3 0.722656 0.347656 0.066406 0.171875
3 0.708008 0.531250 0.041016 0.171875
3 0.640625 0.535156 0.031250 0.171875
1 0.385742 0.322266 0.048828 0.207031
1 0.391602 0.533203 0.041016 0.183594
1 0.308594 0.519531 0.054688 0.156250
1 0.291992 0.332031 0.072266 0.187500
1 0.227539 0.369141 0.087891 0.167969
1 0.274414 0.281250 0.001953 0.007812
1 0.671875 0.542969 0.035156 0.187500
1 0.654297 0.341797 0.035156 0.167969
1 0.352539 0.523438 0.037109 0.164062
1 0.256836 0.529297 0.052734 0.175781
1 0.775391 0.386719 0.085938 0.164062
1 0.344727 0.375000 0.041016 0.085938
1 0.681641 0.390625 0.023438 0.070312
